20040801
20040802
20040803
20040804
20040805
20040806
20040807
20040808
20040809
20040810
20040811
20040812
20040813
20040814
20040815
20040816
20040817
20040818
20040819
20040820
20040821
20040822
20040823
20040824
20040825
20040826
20040827
20040828
20040829
20040830
20040831
20040901
20040902
20040903
20040904
20040905
20040906
20040907
20040908
20040909
20040910
20040911
20040912
20040913
20040914
20040915
20040916
20040917
20040918
20040919
20040920
20040921
20040922
20040923
20040924
20040925
20040926
20040927
20040928
20040929
20040930
