20050801
20050802
20050803
20050804
20050805
20050806
20050807
20050808
20050809
20050810
20050811
20050812
20050813
20050814
20050815
20050816
20050817
20050818
20050819
20050820
20050821
20050822
20050823
20050824
20050825
20050826
20050827
20050828
20050829
20050830
20050831
20050901
20050902
20050903
20050904
20050905
20050906
20050907
20050908
20050909
20050910
20050911
20050912
20050913
20050914
20050915
20050916
20050917
20050918
20050919
20050920
20050921
20050922
20050923
20050924
20050925
20050926
20050927
20050928
20050929
20050930
