20060801
20060802
20060803
20060804
20060805
20060806
20060807
20060808
20060809
20060810
20060811
20060812
20060813
20060814
20060815
20060816
20060817
20060818
20060819
20060820
20060821
20060822
20060823
20060824
20060825
20060826
20060827
20060828
20060829
20060830
20060831
20060901
20060902
20060903
20060904
20060905
20060906
20060907
20060908
20060909
20060910
20060911
20060912
20060913
20060914
20060915
20060916
20060917
20060918
20060919
20060920
20060921
20060922
20060923
20060924
20060925
20060926
20060927
20060928
20060929
20060930
