20070801
20070802
20070803
20070804
20070805
20070806
20070807
20070808
20070809
20070810
20070811
20070812
20070813
20070814
20070815
20070816
20070817
20070818
20070819
20070820
20070821
20070822
20070823
20070824
20070825
20070826
20070827
20070828
20070829
20070830
20070831
20070901
20070902
20070903
20070904
20070905
20070906
20070907
20070908
20070909
20070910
20070911
20070912
20070913
20070914
20070915
20070916
20070917
20070918
20070919
20070920
20070921
20070922
20070923
20070924
20070925
20070926
20070927
20070928
20070929
20070930
